24 3
   -0.1276    0.1794    0.0237
    0.0994   -0.3720   -0.3564
    0.0437   -0.3761    0.3801
    0.0641    0.2613   -0.3545
    0.1064    0.0980    0.2290
   -0.0696   -0.2736   -0.1436
   -0.1052   -0.0647   -0.0426
    0.0508    0.4205   -0.1673
    0.8665    1.3507    0.4934
    0.8534    0.6172    0.0992
    0.8592    0.9845   -0.0200
    1.0645    0.7383    0.0474
    0.9165    0.7020   -0.0284
    0.7908    1.5728    0.0100
    0.9803    0.9540   -0.0236
    1.2434    0.7227   -0.1536
    1.2026    0.0940   -0.0386
    1.2707   -0.0200    0.1898
    0.9994    0.3580    0.1658
    1.1303   -0.1712   -0.0881
    1.0770    0.0578   -0.2853
    1.0554    0.0707   -0.3533
    0.7698    0.2923   -0.1088
    0.7737   -0.0721    0.2497