40 2
    2.2543   -1.7922
    0.9665   -1.7049
    4.7681   -3.4953
    2.4688   -3.6573
    0.2830   -1.5295
    2.6941   -3.5107
    2.1134   -3.2298
    0.5383   -5.8823
    1.9525   -3.4625
    1.4234   -3.8460
    3.1828   -3.5217
    5.1614   -4.0618
    5.4505   -3.2728
    4.8985   -4.4291
    4.2356   -2.5899
    4.2101   -2.8384
    6.9779   -2.2047
    6.0374   -0.6397
    6.1754   -2.6023
    6.9512   -3.9047
    4.3178   -0.9817
    5.4543   -3.0421
    5.4582   -3.2641
    4.7080   -3.3868
    4.4460   -3.9437
    4.9402   -3.5747
    6.4419   -2.7645
    6.0214   -3.1398
    4.9184   -1.7418
    6.4685   -2.9671
    9.6925    0.4757
    8.3685    2.1920
    9.5357    0.9073
    8.4023   -0.5384
    7.8848    1.8220
    5.9785   -0.6370
    7.8112    0.1483
    6.2161    0.5291
    8.7297   -0.9401
    7.7407   -1.2135