40 2
   -0.9270   -0.9612
    1.7848   -0.2002
    0.9404    0.3492
    1.8593    0.9271
   -1.2270   -0.3272
    0.8916    0.2882
    2.2652   -0.0479
   -1.5519    0.4441
   -0.9118    0.0494
    1.0780    0.3082
    0.2996   -0.1972
   -0.1464   -0.1031
   -2.7990    0.3933
    0.9902   -1.2976
   -1.5220    0.6210
   -1.5075   -1.6794
    0.7890   -0.6543
    1.2449   -1.2923
   -0.6144    0.2417
    0.5493    0.4676
    2.1915   -0.2298
    1.4208    0.4805
    1.6132    0.4216
    3.0877   -2.2493
    3.8045   -0.6321
    3.3165    1.5516
    0.5311    0.1769
    5.4663   -0.2146
    2.4863    0.3309
    3.2679    1.0905
    1.0535   -0.4385
    2.3432   -0.0584
    4.5350    0.4386
    2.4375   -0.8377
    0.6925    0.7941
    1.8027    0.6492
    1.1685    0.8960
    0.1865    1.5667
    2.8465    0.1102
    0.8389   -0.3975