24 3
    0.6501   -0.2876    0.6071
   -0.0569    0.2861    0.1350
    0.7341    0.8598    1.0959
    0.8499    0.9355    0.5149
    0.3219    0.0149    0.1118
    0.1726    0.0404    0.8187
    0.3688    0.6526    0.4732
    0.6189    0.5684    0.2261
   -0.1856   -0.3168    0.5707
    0.5293    0.6790    0.4519
    0.3513   -0.2948    1.4238
    0.2245    0.6312    0.2389
    1.3276    0.8359    0.3759
    1.6746    0.0866    1.0265
    1.6728    0.4568    1.4279
    0.9376    0.6876    1.4233
    1.6088    0.7478    0.7350
    1.8086   -0.1288    0.4039
    1.1185    0.0992    1.6377
    2.1057    0.2831    0.9546
    0.9212    0.2529    0.6977
    1.6069    0.9214    1.0160
    1.4931    0.9349    0.7356
    1.7292    1.2120    0.3905